default: 
   Location: 
      world: world
      x: 137.65994819852014
      y: 1.0
      z: 161.64797649582584
      pitch: -3.1489615
      yaw: -20.144165
